6 0.5769230769230769 0.5769230769230769 0.04807692307692308 0.030048076923076924
7 0.30528846153846156 0.515625 0.04567307692307692 0.036057692307692304
9 0.5504807692307693 0.4651442307692308 0.039663461538461536 0.028846153846153848
9 0.5240384615384616 0.3473557692307692 0.03125 0.028846153846153848
7 0.30408653846153844 0.3449519230769231 0.046875 0.028846153846153848
3 0.11177884615384616 0.3245192307692308 0.046875 0.03245192307692308
7 0.31971153846153844 0.2956730769230769 0.042067307692307696 0.03125
4 0.7524038461538461 0.25961538461538464 0.05048076923076923 0.038461538461538464
0 0.02283653846153846 0.20673076923076922 0.04567307692307692 0.042067307692307696
4 0.23197115384615385 0.20192307692307693 0.05889423076923077 0.05048076923076923
1 0.7620192307692307 0.15745192307692307 0.04567307692307692 0.038461538461538464