8 0.5072115384615384 0.6237980769230769 0.019230769230769232 0.014423076923076924
9 0.47475961538461536 0.5793269230769231 0.03485576923076923 0.02283653846153846
10 0.4483173076923077 0.5625 0.03245192307692308 0.021634615384615384
10 0.5600961538461539 0.5492788461538461 0.015625 0.01201923076923077
8 0.30649038461538464 0.5432692307692307 0.016826923076923076 0.018028846153846152
6 0.21995192307692307 0.5252403846153846 0.04326923076923077 0.03125
8 0.30649038461538464 0.5240384615384616 0.037259615384615384 0.02283653846153846
6 0.20432692307692307 0.5024038461538461 0.036057692307692304 0.025240384615384616
5 0.2091346153846154 0.3858173076923077 0.036057692307692304 0.027644230769230768
4 0.8978365384615384 0.3858173076923077 0.04326923076923077 0.03245192307692308
0 0.0625 0.2704326923076923 0.018028846153846152 0.015625